2.381452612994348905e-02 8.723243509089763370e-02 1.767396937159765313e-01 2.753233287624363146e-01 3.683710492642640055e-01 4.462793947982236498e-01 5.046789095724338869e-01 5.432347692607913947e-01 5.640581084748460539e-01 5.703546657068851999e-01
2.104573818958621265e-02 7.729655844654186037e-02 1.574675711570982239e-01 2.465236830830113968e-01 3.311629113500431654e-01 4.024042374877879191e-01 4.560014107595228849e-01 4.914619871112141380e-01 5.106216466071269444e-01 5.163886593949458259e-01
1.643558960713356956e-02 6.010968232784497794e-02 1.229203274973691834e-01 1.932492731595542579e-01 2.605251788613032748e-01 3.174304192490094989e-01 3.603859436738015010e-01 3.888575626719408262e-01 4.042398923688704793e-01 4.088392456189006707e-01
1.160219492305977242e-02 4.171994106819621601e-02 8.530297183023392849e-02 1.343780293342999865e-01 1.815385399270898759e-01 2.215644804204472129e-01 2.518425594223353547e-01 2.719255588822045433e-01 2.827594859328723675e-01 2.859605136330493624e-01
7.736571842388528103e-03 2.680002090900541686e-02 5.443239859022235005e-02 8.560838576345398965e-02 1.156159391221706495e-01 1.411081227093990975e-01 1.603939593761677107e-01 1.731710563993959784e-01 1.800359584113606359e-01 1.820204460237893895e-01
5.109171419418506895e-03 1.657501300705077965e-02 3.313585048213800455e-02 5.178133075102427096e-02 6.969691293254724751e-02 8.488959444880435357e-02 9.635804745726926634e-02 1.039300734005172977e-01 1.079686477492983881e-01 1.090945796319690159e-01
3.358554913419600080e-03 9.782580480677460430e-03 1.898564419128794672e-02 2.928947512355578250e-02 3.914483880163310142e-02 4.746777849988995102e-02 5.372346843577711917e-02 5.783047468709679589e-02 5.999690263930401724e-02 6.056830951540986829e-02
2.107849938437959033e-03 5.015649114127801456e-03 9.128872922394157263e-03 1.369456358224250929e-02 1.803076339632865566e-02 2.166898376701653986e-02 2.438464199258255291e-02 2.615081441223943148e-02 2.706476594457071783e-02 2.728135556236171988e-02
1.283514105677005697e-03 1.964892912269954224e-03 2.902376543972019687e-03 3.924582553985092419e-03 4.880697115167457849e-03 5.670297811576664737e-03 6.248003461714590409e-03 6.611787380872547089e-03 6.786094963389925454e-03 6.807058655158423552e-03
9.685685412972404838e-04 8.840267475593710641e-04 7.626155477836568837e-04 6.259435368997771400e-04 4.935194922351758941e-04 3.788813594958087387e-04 2.888130932501694280e-04 2.246198080845586713e-04 1.841171192596583275e-04 1.634313310502748273e-04
